c[0] =      -0.066443630498
c[1] =       1.066443630498
