    Guess energy:     -116.837914524518

    ==>  Begin SCF Iterations <==

     Iter               energy                   dE          RMS |[F,P]| 

  Irrep: 1 Size: 7 x 7

                 1                   2                   3                   4                   5

    1   -18.26833239454340    -2.59259046307908    -0.00156703163310     0.00000000000000     0.00000000000001
    2    -2.59259046307908    -0.61988427477038    -0.05594153055553    -0.00000000000000     0.00000000000000
    3    -0.00156703163310    -0.05594153055553     0.54782977785603     0.00000000000000     0.00000000000000
    4     0.00000000000000    -0.00000000000000     0.00000000000000     0.55454602642400     0.00000000000000
    5     0.00000000000001     0.00000000000000     0.00000000000000     0.00000000000000     0.54367540317182
    6     0.00470764307943    -0.07661480653887    -0.06396817107578    -0.00000000000000     0.08167425289099
    7     0.00470764307944    -0.07661480653888    -0.06396817107579    -0.00000000000000    -0.08167425289103

                 6                   7

    1     0.00470764307943     0.00470764307944
    2    -0.07661480653887    -0.07661480653888
    3    -0.06396817107578    -0.06396817107579
    4    -0.00000000000000    -0.00000000000000
    5     0.08167425289099    -0.08167425289103
    6    -0.06677516674041    -0.00754298491469
    7    -0.00754298491469    -0.06677516674029



        0     -73.226880190015      43.611034334503       0.037704098895

  Irrep: 1 Size: 7 x 7

                 1                   2                   3                   4                   5

    1   -21.47790195555500    -2.67969119587891     0.00184241726052     0.00000000000000     0.00000000000000
    2    -2.67969119587891    -2.30321238046705     0.05218340794414    -0.00000000000000     0.00000000000000
    3     0.00184241726052     0.05218340794414    -0.67995520889482     0.00000000000005    -0.00000000000001
    4     0.00000000000000    -0.00000000000000     0.00000000000005    -1.32722774944216     0.00000000000005
    5     0.00000000000000     0.00000000000000    -0.00000000000001     0.00000000000005    -0.67634858515563
    6     0.00416180061457    -0.10155256082709    -0.08031666247750     0.00000000000000     0.11000579186645
    7     0.00416180061457    -0.10155256082709    -0.08031666247751    -0.00000000000001    -0.11000579186651

                 6                   7

    1     0.00416180061457     0.00416180061457
    2    -0.10155256082709    -0.10155256082709
    3    -0.08031666247750    -0.08031666247751
    4     0.00000000000000    -0.00000000000001
    5     0.11000579186645    -0.11000579186651
    6    -0.07395136623102    -0.01622345942157
    7    -0.01622345942157    -0.07395136623097



        1     -73.362990265269      -0.136110075254       0.068817042077

  Irrep: 1 Size: 7 x 7

                 1                   2                   3                   4                   5

    1   -18.44638843979770    -2.59836322391772    -0.00434200562338     0.00000000000000     0.00000000000000
    2    -2.59836322391772    -0.70037004565141    -0.04360225756554    -0.00000000000000     0.00000000000000
    3    -0.00434200562338    -0.04360225756554     0.47784354088096     0.00000000000000     0.00000000000001
    4     0.00000000000000    -0.00000000000000     0.00000000000000     0.46044147080590     0.00000000000000
    5     0.00000000000000     0.00000000000000     0.00000000000001     0.00000000000000     0.48737419026684
    6     0.00654174988064    -0.09659402385882    -0.10063733821389     0.00000000000000     0.12741462968758
    7     0.00654174988064    -0.09659402385883    -0.10063733821389    -0.00000000000000    -0.12741462968764

                 6                   7

    1     0.00654174988064     0.00654174988064
    2    -0.09659402385882    -0.09659402385883
    3    -0.10063733821389    -0.10063733821389
    4     0.00000000000000    -0.00000000000000
    5     0.12741462968758    -0.12741462968764
    6    -0.07094731648497    -0.00729358148635
    7    -0.00729358148635    -0.07094731648485



        2     -73.553585133343      -0.190594868074       0.076418280252

  Irrep: 1 Size: 7 x 7

                 1                   2                   3                   4                   5

    1   -19.61490750923825    -2.63069332201844    -0.01314859120728     0.00000000000000     0.00000000000000
    2    -2.63069332201844    -1.30082934070950     0.01397309388736    -0.00000000000000    -0.00000000000001
    3    -0.01314859120728     0.01397309388736     0.03171738963879     0.00000000000001    -0.00000000000003
    4     0.00000000000000    -0.00000000000000     0.00000000000001    -0.21358616955661     0.00000000000002
    5     0.00000000000000    -0.00000000000001    -0.00000000000003     0.00000000000002     0.05386170633775
    6     0.00714546366689    -0.11833012429727    -0.15954659436716     0.00000000000000     0.18149224975943
    7     0.00714546366689    -0.11833012429727    -0.15954659436715    -0.00000000000001    -0.18149224975948

                 6                   7

    1     0.00714546366689     0.00714546366689
    2    -0.11833012429727    -0.11833012429727
    3    -0.15954659436716    -0.15954659436715
    4     0.00000000000000    -0.00000000000001
    5     0.18149224975943    -0.18149224975948
    6    -0.08221626000268    -0.00998724468596
    7    -0.00998724468596    -0.08221626000262



        3     -74.464883669436      -0.911298536093       0.032080900797

  Irrep: 1 Size: 7 x 7

                 1                   2                   3                   4                   5

    1   -19.49957598371993    -2.62840128884580    -0.01529403558529     0.00000000000000     0.00000000000001
    2    -2.62840128884580    -1.23641689572058     0.01321540972691    -0.00000000000000    -0.00000000000001
    3    -0.01529403558529     0.01321540972691     0.07285354394088     0.00000000000001    -0.00000000000003
    4     0.00000000000000    -0.00000000000000     0.00000000000001    -0.14529355508918     0.00000000000001
    5     0.00000000000001    -0.00000000000001    -0.00000000000003     0.00000000000001     0.09814804365015
    6     0.00791197844551    -0.12201028257234    -0.15742612739761     0.00000000000000     0.18072193079362
    7     0.00791197844551    -0.12201028257234    -0.15742612739759    -0.00000000000001    -0.18072193079367

                 6                   7

    1     0.00791197844551     0.00791197844551
    2    -0.12201028257234    -0.12201028257234
    3    -0.15742612739761    -0.15742612739759
    4     0.00000000000000    -0.00000000000001
    5     0.18072193079362    -0.18072193079367
    6    -0.08379179654848    -0.00986465591230
    7    -0.00986465591230    -0.08379179654842



        4     -74.429023374665       0.035860294771       0.041606480071

  Irrep: 1 Size: 7 x 7

                 1                   2                   3                   4                   5

    1   -19.58249261857198    -2.63066439410191    -0.01589297082215     0.00000000000000     0.00000000000001
    2    -2.63066439410191    -1.27974475087115     0.01714401375578    -0.00000000000000    -0.00000000000001
    3    -0.01589297082215     0.01714401375578     0.04180743601945     0.00000000000001    -0.00000000000003
    4     0.00000000000000    -0.00000000000000     0.00000000000001    -0.19377157753987     0.00000000000001
    5     0.00000000000001    -0.00000000000001    -0.00000000000003     0.00000000000001     0.06608608668474
    6     0.00789176306479    -0.12262289296788    -0.15886300604463     0.00000000000000     0.18181061001394
    7     0.00789176306479    -0.12262289296788    -0.15886300604461    -0.00000000000001    -0.18181061001400

                 6                   7

    1     0.00789176306479     0.00789176306479
    2    -0.12262289296788    -0.12262289296788
    3    -0.15886300604463    -0.15886300604461
    4     0.00000000000000    -0.00000000000001
    5     0.18181061001394    -0.18181061001400
    6    -0.08448985276180    -0.01027643381812
    7    -0.01027643381812    -0.08448985276174



        5     -74.456614357821      -0.027590983157       0.034310669154

  Irrep: 1 Size: 7 x 7

                 1                   2                   3                   4                   5

    1   -19.94893195872127    -2.64043080254871    -0.01767490498759     0.00000000000000     0.00000000000001
    2    -2.64043080254872    -1.47311300815240     0.03279200918926    -0.00000000000000    -0.00000000000001
    3    -0.01767490498759     0.03279200918926    -0.09592403634648     0.00000000000002    -0.00000000000004
    4     0.00000000000000    -0.00000000000000     0.00000000000002    -0.40897400231350     0.00000000000002
    5     0.00000000000001    -0.00000000000001    -0.00000000000004     0.00000000000002    -0.07525315743445
    6     0.00761392421249    -0.12344224689978    -0.16154749465859     0.00000000000000     0.18341420840023
    7     0.00761392421249    -0.12344224689978    -0.16154749465857    -0.00000000000001    -0.18341420840029

                 6                   7

    1     0.00761392421249     0.00761392421249
    2    -0.12344224689978    -0.12344224689978
    3    -0.16154749465859    -0.16154749465857
    4     0.00000000000000    -0.00000000000001
    5     0.18341420840023    -0.18341420840029
    6    -0.08670316989122    -0.01173758524604
    7    -0.01173758524604    -0.08670316989117



        6     -74.511256860259      -0.054642502438       0.000395057332

  Irrep: 1 Size: 7 x 7

                 1                   2                   3                   4                   5

    1   -19.93268642420692    -2.64005630468097    -0.01777512567699     0.00000000000000     0.00000000000001
    2    -2.64005630468097    -1.46424595967664     0.03237186308154    -0.00000000000000    -0.00000000000001
    3    -0.01777512567699     0.03237186308154    -0.09163542006224     0.00000000000001    -0.00000000000004
    4     0.00000000000000    -0.00000000000000     0.00000000000001    -0.39935540702738     0.00000000000001
    5     0.00000000000001    -0.00000000000001    -0.00000000000004     0.00000000000001    -0.06730746580399
    6     0.00767538787912    -0.12371686626636    -0.16150626663757    -0.00000000000000     0.18350468456433
    7     0.00767538787913    -0.12371686626637    -0.16150626663755    -0.00000000000001    -0.18350468456439

                 6                   7

    1     0.00767538787912     0.00767538787913
    2    -0.12371686626636    -0.12371686626637
    3    -0.16150626663757    -0.16150626663755
    4    -0.00000000000000    -0.00000000000001
    5     0.18350468456433    -0.18350468456439
    6    -0.08677234211738    -0.01122195164900
    7    -0.01122195164900    -0.08677234211733



        7     -74.511195829728       0.000061030531       0.001422608516

  Irrep: 1 Size: 7 x 7

                 1                   2                   3                   4                   5

    1   -19.97281262334167    -2.64113598622878    -0.01781606262478     0.00000000000000     0.00000000000000
    2    -2.64113598622878    -1.48543343881548     0.03381344260718    -0.00000000000000    -0.00000000000001
    3    -0.01781606262478     0.03381344260718    -0.11468629713258    -0.00000000000000    -0.00000000000004
    4     0.00000000000000    -0.00000000000000    -0.00000000000000    -0.42297997019356    -0.00000000000000
    5     0.00000000000000    -0.00000000000001    -0.00000000000004    -0.00000000000000    -0.07495379890957
    6     0.00767197336445    -0.12395627675746    -0.16137306733188    -0.00000000000000     0.18337058290791
    7     0.00767197336446    -0.12395627675746    -0.16137306733186     0.00000000000000    -0.18337058290797

                 6                   7

    1     0.00767197336445     0.00767197336445
    2    -0.12395627675746    -0.12395627675746
    3    -0.16137306733188    -0.16137306733186
    4    -0.00000000000000     0.00000000000000
    5     0.18337058290791    -0.18337058290797
    6    -0.08698485225753    -0.00914168183145
    7    -0.00914168183145    -0.08698485225748



        8     -74.511030534112       0.000165295616       0.002554059030

  Irrep: 1 Size: 7 x 7

                 1                   2                   3                   4                   5

    1   -19.97184623911501    -2.64111144715443    -0.01782448719578     0.00000000000000     0.00000000000000
    2    -2.64111144715443    -1.48491563817835     0.03379422508768    -0.00000000000000    -0.00000000000001
    3    -0.01782448719578     0.03379422508768    -0.11394500006458    -0.00000000000000    -0.00000000000004
    4     0.00000000000000    -0.00000000000000    -0.00000000000000    -0.42240910733391    -0.00000000000000
    5     0.00000000000000    -0.00000000000001    -0.00000000000004    -0.00000000000000    -0.07495889193339
    6     0.00767260215095    -0.12395340614867    -0.16137950649133    -0.00000000000000     0.18337908845416
    7     0.00767260215095    -0.12395340614867    -0.16137950649132     0.00000000000000    -0.18337908845422

                 6                   7

    1     0.00767260215095     0.00767260215095
    2    -0.12395340614867    -0.12395340614867
    3    -0.16137950649133    -0.16137950649132
    4    -0.00000000000000     0.00000000000000
    5     0.18337908845416    -0.18337908845422
    6    -0.08698527908051    -0.00924633547267
    7    -0.00924633547267    -0.08698527908046



        9     -74.511052613564      -0.000022079452       0.002456520203

  Irrep: 1 Size: 7 x 7

                 1                   2                   3                   4                   5

    1   -19.97185973503978    -2.64111180502392    -0.01782454888088     0.00000000000000     0.00000000000001
    2    -2.64111180502392    -1.48492278858382     0.03379479384656    -0.00000000000000    -0.00000000000001
    3    -0.01782454888088     0.03379479384656    -0.11394979687228    -0.00000000000000    -0.00000000000004
    4     0.00000000000000    -0.00000000000000    -0.00000000000000    -0.42241705892917    -0.00000000000000
    5     0.00000000000001    -0.00000000000001    -0.00000000000004    -0.00000000000000    -0.07496439925992
    6     0.00767258882094    -0.12395340092486    -0.16137951674758    -0.00000000000000     0.18337902376518
    7     0.00767258882095    -0.12395340092487    -0.16137951674757     0.00000000000000    -0.18337902376524

                 6                   7

    1     0.00767258882094     0.00767258882095
    2    -0.12395340092486    -0.12395340092487
    3    -0.16137951674758    -0.16137951674757
    4    -0.00000000000000     0.00000000000000
    5     0.18337902376518    -0.18337902376524
    6    -0.08698535300392    -0.00924646945877
    7    -0.00924646945877    -0.08698535300387



       10     -74.511052329069       0.000000284495       0.002457817744

  Irrep: 1 Size: 7 x 7

                 1                   2                   3                   4                   5

    1   -19.94627028009857    -2.64045092450291    -0.01777871171736     0.00000000000000     0.00000000000010
    2    -2.64045092450291    -1.47128264997733     0.03283068044157    -0.00000000000000    -0.00000000000041
    3    -0.01777871171736     0.03283068044157    -0.10442650111990     0.00000000000003    -0.00000000000097
    4     0.00000000000000    -0.00000000000000     0.00000000000003    -0.40732651382312    -0.00000000000042
    5     0.00000000000010    -0.00000000000041    -0.00000000000097    -0.00000000000042    -0.06500399076795
    6     0.00770929996853    -0.12402877093678    -0.16135005692154    -0.00000000000014     0.18350684110292
    7     0.00770929996851    -0.12402877093665    -0.16135005692179     0.00000000000012    -0.18350684110264

                 6                   7

    1     0.00770929996853     0.00770929996851
    2    -0.12402877093678    -0.12402877093665
    3    -0.16135005692154    -0.16135005692179
    4    -0.00000000000014     0.00000000000012
    5     0.18350684110292    -0.18350684110264
    6    -0.08689915590491    -0.00913584173050
    7    -0.00913584173050    -0.08689915590583



       11     -74.511322873032      -0.000270543963       0.000008732231

  Irrep: 1 Size: 7 x 7

                 1                   2                   3                   4                   5

    1   -19.94635385981296    -2.64045269951084    -0.01777726084046     0.00000000000000     0.00000000000005
    2    -2.64045269951084    -1.47132905751020     0.03283120045622    -0.00000000000000    -0.00000000000016
    3    -0.01777726084046     0.03283120045622    -0.10446935447070     0.00000000000002    -0.00000000000037
    4     0.00000000000000    -0.00000000000000     0.00000000000002    -0.40737615354020    -0.00000000000034
    5     0.00000000000005    -0.00000000000016    -0.00000000000037    -0.00000000000034    -0.06502366473137
    6     0.00770894000148    -0.12402708831403    -0.16134999865132    -0.00000000000011     0.18350613352421
    7     0.00770894000147    -0.12402708831398    -0.16134999865146     0.00000000000009    -0.18350613352409

                 6                   7

    1     0.00770894000148     0.00770894000147
    2    -0.12402708831403    -0.12402708831398
    3    -0.16134999865132    -0.16134999865146
    4    -0.00000000000011     0.00000000000009
    5     0.18350613352421    -0.18350613352409
    6    -0.08689822668095    -0.00913239440272
    7    -0.00913239440272    -0.08689822668125



       12     -74.511322876759      -0.000000003727       0.000000073991

  Irrep: 1 Size: 7 x 7

                 1                   2                   3                   4                   5

    1   -19.94635370544091    -2.64045268714644    -0.01777721999714     0.00000000000000     0.00000000000002
    2    -2.64045268714645    -1.47132901644578     0.03283112735593    -0.00000000000000    -0.00000000000006
    3    -0.01777721999714     0.03283112735593    -0.10446979581884     0.00000000000002    -0.00000000000014
    4     0.00000000000000    -0.00000000000000     0.00000000000002    -0.40737607068544    -0.00000000000026
    5     0.00000000000002    -0.00000000000006    -0.00000000000014    -0.00000000000026    -0.06502308269132
    6     0.00770893566230    -0.12402706193776    -0.16134998825438    -0.00000000000009     0.18350612638671
    7     0.00770893566230    -0.12402706193775    -0.16134998825446     0.00000000000007    -0.18350612638667

                 6                   7

    1     0.00770893566230     0.00770893566230
    2    -0.12402706193776    -0.12402706193775
    3    -0.16134998825438    -0.16134998825446
    4    -0.00000000000009     0.00000000000007
    5     0.18350612638671    -0.18350612638667
    6    -0.08689819797301    -0.00913224178350
    7    -0.00913224178350    -0.08689819797307



       13     -74.511322876760      -0.000000000000       0.000000000419

  Irrep: 1 Size: 7 x 7

                 1                   2                   3                   4                   5

    1   -19.94635370100178    -2.64045268704798    -0.01777722001315     0.00000000000000     0.00000000000001
    2    -2.64045268704798    -1.47132901400359     0.03283112722641    -0.00000000000000    -0.00000000000003
    3    -0.01777722001315     0.03283112722641    -0.10446979555886     0.00000000000001    -0.00000000000007
    4     0.00000000000000    -0.00000000000000     0.00000000000001    -0.40737606805497    -0.00000000000021
    5     0.00000000000001    -0.00000000000003    -0.00000000000007    -0.00000000000021    -0.06502307962567
    6     0.00770893568399    -0.12402706204976    -0.16134998821052    -0.00000000000007     0.18350612641584
    7     0.00770893568399    -0.12402706204976    -0.16134998821056     0.00000000000006    -0.18350612641584

                 6                   7

    1     0.00770893568399     0.00770893568399
    2    -0.12402706204976    -0.12402706204976
    3    -0.16134998821052    -0.16134998821056
    4    -0.00000000000007     0.00000000000006
    5     0.18350612641584    -0.18350612641584
    6    -0.08689819799740    -0.00913224138919
    7    -0.00913224138919    -0.08689819799739



       14     -74.511322876760      -0.000000000000       0.000000000000

    SCF iterations converged!

    * SCF total energy:     -74.511322876760

